0 0.513281 0.269953 0.185938 0.126761
0 0.910937 0.190141 0.212500 0.215962
0 0.804688 0.303991 0.087500 0.063380
0 0.092188 0.139671 0.062500 0.044601
0 0.175781 0.597418 0.298438 0.208920
0 0.375781 0.451878 0.270313 0.180751
0 0.632812 0.747653 0.103125 0.129108
0 0.596094 0.584507 0.167187 0.131455
0 0.487500 0.927230 0.165625 0.131455
0 0.375781 0.645540 0.139063 0.131455
0 0.490625 0.062207 0.168750 0.086854
0 0.153906 0.386150 0.079687 0.044601
0 0.342969 0.150235 0.085938 0.046948
0 0.120313 0.207746 0.115625 0.049296
