0 0.371875 0.476359 0.268750 0.172577
0 0.650000 0.533097 0.225000 0.130024
0 0.785937 0.666667 0.196875 0.108747
0 0.710156 0.791962 0.104688 0.070922
0 0.677344 0.369976 0.160938 0.125296
0 0.711719 0.310875 0.167187 0.082742
0 0.887500 0.388889 0.109375 0.092199
0 0.933594 0.275414 0.182812 0.144208
0 0.554688 0.193853 0.259375 0.217494
0 0.405469 0.288416 0.314063 0.137116
0 0.271875 0.138298 0.143750 0.044917
0 0.243750 0.302600 0.150000 0.052009
0 0.075781 0.418440 0.117188 0.122931
0 0.686719 0.930260 0.229687 0.252955
